0 0
0.21766302532820128 -0.04407138056064697
0.5910067212586609 -0.4154855614363827
0.4709155965090749 -0.46315681048119584
0.46526174413932087 -0.5155056724681526
0.3890752534758234 -0.2301318118161662
0.3522310728724329 -0.2629468758937032
0.21473555282894435 -0.28613594110039076
-0.2296662681488088 -1.0155996636117361
-0.408927836362714 -1.6889100213666821
-0.4276350138976953 -2.9233361812755687
-0.3337854550899653 -3.526429283671696
-0.24534743736201098 -4.412020826234277
-0.24677491758760822 -5.302016121468036
-0.15291844443032435 -6.589923059569099
-0.1345187187498418 -7.259335216269571
-0.09616207420392675 -8.610873251701253
-0.0215431628061256 -9.303631193381037
-0.06115717333791964 -10.655132959406128
-0.006868845340512991 -11.32479844712649
-0.052234399011486084 -12.676119378637388
-0.17022320299250188 -13.36046704507228
-0.9159206438353549 -14.087172701754792
-1.4286128538135974 -14.590099707372472
-2.663929829860466 -14.945672227954798
-3.37701873005069 -15.049618545572308
-4.2845034554508 -16.13820590403871
-4.942850385822148 -16.477437203118836
-6.364930633855268 -16.93699354245372
-7.21478616813247 -17.189756793493654
-8.337875287362136 -17.70242504200009
-9.04204344602294 -18.0192857663161
-10.262984905756946 -18.439779845543118
-10.986308039115016 -18.70223731280068
-12.145065418695625 -19.12819416275876
-12.950239840305203 -19.41333351769619
-14.232266082963685 -20.017452443887336
-14.954098627652236 -20.355795252046875
-16.21946597687369 -21.008972027566465
-16.887997107019 -21.333559805997982
-18.019563755115417 -21.813394868556774
-18.721322310606954 -22.065687171793353
-20.0088487529213 -22.641717458208316
-20.679854833599737 -22.96709003875337
-22.013887748785763 -23.624471014752775
-22.7507112048601 -23.928788731922676
-24.11862784944126 -24.824821869457118
-24.796258689781347 -25.189371895640324
-26.093575776941524 -25.759914916988937
-26.81326732887014 -26.109374358384795
-28.01303731267519 -26.71910451710674
-28.74288922098009 -27.113210694700733
-29.769660936771338 -27.69769490398248
-30.450683280756625 -28.112094041768284
-31.662967419353187 -28.84620447702619
-32.28553355282736 -29.25204004388978
-33.46933549616461 -30.0312472838448
-34.037784127189624 -30.426111274511587
-35.10100551658874 -31.373399354072447
-35.60053206425172 -31.822701386318474
-36.57372023908007 -32.7613339394369
-37.06185804772451 -33.255271755555036
-38.099172759684826 -34.22094724566445
-38.631336918887584 -34.70322328986732
-39.64481836407161 -35.59819907371124
-40.216379869125575 -36.073181751101615
-41.166994556035206 -36.947164036845486
-41.589758691190994 -37.46651138830641
-42.291340555582444 -38.55763097078389
-42.59796164609885 -39.131178793232486
-43.02800093421539 -40.178025315613574
-43.0093038330551 -40.82812070568583
-42.31468696114819 -41.7838347573304
-41.90707553404843 -42.238127564167456
-41.01560058081111 -42.93533186600134
-40.37301027411257 -43.35860243562232
-39.26429603677397 -43.9016591938727
-38.64746248402948 -44.22067244536606
-37.317788585001246 -44.71109908217367
-36.65982231218243 -44.933210473715526
-35.472634826463974 -45.42618686509379
-34.8533246799941 -45.69231877883444
-33.65966584839577 -46.18495648801806
-33.07819522082647 -46.52154376834023
-32.36622490764365 -47.22375333331806
-31.88782322757852 -47.79245618225706
-30.997596510330258 -48.88654558556162
-30.669930521761646 -49.42683707024334
-30.531071154124156 -50.83725156246422
-30.462932038826022 -51.52834500577427
-30.349497240566002 -52.93428518126882
-30.304862732166303 -53.653526710367814
-30.2377567473175 -54.943104201470945
-30.287569203606672 -55.635759819811106
-30.54822793585253 -56.90050103605511
-30.875964847613464 -57.5674940004482
-31.79554839316569 -58.63702723194479
-32.296581856519836 -59.08464822854778
-33.53513061222307 -59.92101013622578
-34.10652709117117 -60.27442936581894
-35.366212259702486 -60.9238477517841
-36.02829879143443 -61.26138667158394
-37.21296816597536 -61.77526583226978
-37.87243943206204 -62.112306192183844
-38.91884418995789 -62.77775240228736
-39.52746866026493 -63.199741512512304
-40.5271122471776 -64.02646501819797
-41.013631413379485 -64.52199724453443
-41.90503676298266 -65.29741871054337
-42.13632802947832 -65.9522144317134
-41.44832640322789 -66.97730548378414
-41.06064126217376 -67.55345938494735
-40.27155481417927 -68.50293317623921
-39.831630211137515 -69.00782675817707
-38.72893319963873 -69.89811337757502
-38.219529107848096 -70.2719948557886
-37.11523215134194 -71.0412458631626
-36.56922664392811 -71.39458929901329
-35.37090354480704 -72.03431830595504
-34.79349112638423 -72.37782083440516
-33.56952335811529 -73.09228137641298
-32.964169513498625 -73.43257508665103
-31.956238476502957 -74.14547965769792
-31.36441728601771 -74.55234149376093
-30.18641702696103 -75.21599929945734
-29.565800138260624 -75.57741810446306
-28.330565897269565 -76.27221831584085
-27.727313792932552 -76.56799861710087
-26.67505935936034 -77.10525326275435
-25.983354362182176 -77.4361424959575
-24.793072632460618 -77.9518831862272
-24.10690341140675 -78.23730024591146
-22.871452232828826 -78.613031139122
-22.247957723794993 -78.79803977402766
-20.931171543991557 -79.10496069230797
-20.25329302676582 -79.2557380191963
-18.936393141705196 -79.56217069716433
-18.253497371536074 -79.68829148650882
-16.932545426478594 -79.9767568262781
-16.260759162192517 -80.15270085583384
-15.062441702739449 -80.44967420333941
-14.311205785632152 -80.61618208368792
-13.097394039034478 -80.80943272447978
-12.451219207767735 -80.8998295508323
-11.113111876550251 -81.09372401579036
-10.448643756433903 -81.17699047237728
-9.170926229712752 -81.40103729252523
-8.48491237243269 -81.49288719649496
-7.188372088517541 -81.53462863746248
-6.558578756815751 -81.52408506038859
-5.273106300099199 -81.52344340163037
-4.555705926689633 -81.4898937461365
-3.2646282948710574 -81.36388737992209
-2.5949834377053476 -81.35869597211583
-1.174261246873734 -81.26203737170947
-0.5909737321444211 -81.36155356037582
0.3659526262194003 -82.05449936772094
0.8587968644800841 -82.57689139672328
1.4863506075307562 -83.76743546565889
1.75724394545382 -84.43520594717903
1.9272953766639251 -85.71528244079407
2.030939000136524 -86.45118263592514
2.2582158457035075 -87.78402603590447
2.3651992921705913 -88.44509012328596
2.554453148376192 -89.8564644203685
2.679823169567839 -90.49463050813202
3.0196457164014747 -92.1027735384138
3.1215349521551525 -92.78970269783075
3.323657511566008 -94.126591909537
3.4592257297517297 -94.76266962177266
3.667601887362631 -95.97952511019272
3.727851374463253 -96.77159130436951
3.7269063160137414 -96.77445922794855
3.7664921875826654 -96.6674096081331
3.7975697217642947 -97.66692658491198
