0 0
0.1471285829498517 -0.3317343562790283
-0.3596423860660129 -1.0232638478838152
-0.3788568568292718 -1.089796955131158
-0.46379045531517005 -1.6095279364040136
-0.6692328388279721 -1.9522309041462194
-0.6826855614644793 -2.131272321004614
-0.6770284729730406 -2.1516398588934997
-0.5100064064130522 -3.1793895434062076
-0.3136608715854766 -3.3325264788207627
0.16259284156004927 -4.317608784869109
0.15455221653506804 -4.269806658526988
-0.2015364037921086 -3.24003028815421
-0.4069808753892583 -2.705999221670236
-0.843864863044135 -1.6619906910173785
-0.9043984250331059 -1.0527270800883364
-1.1033823039328847 0.2782966974726284
-1.0632428029884926 0.929528084339958
-1.082002368937312 2.2814801441722454
-1.0299960650780409 2.9255724899096993
-0.941363852079756 4.34681798572417
-0.8802032430345214 5.01368421319765
-0.7978037619716435 6.4421376533830275
-0.7477145513106942 7.046620607319807
-0.686115988858581 8.532554382260496
-0.5403325666664823 9.145333299560622
0.00463991412827458 10.53691845902634
0.0551034132245164 11.164775324030234
0.3100735600838197 12.629966025139206
0.4110771094035939 13.296426478622081
0.5363393831302513 14.701362275484973
0.5637481450134788 15.311098111415763
0.8537473570203951 16.77718293771477
1.0140454979860358 17.384263019354968
1.1824146295716216 18.945552711311734
1.2097720595787886 19.534817504671008
1.242020020295463 21.104828248491238
1.3600362728794764 21.664711071058484
2.1108451149938574 22.956914748298136
2.4814361560001097 23.49136388349334
2.9328820165356975 24.900811528688667
3.1343368774652154 25.438213878817407
3.809082182419959 26.763548681743515
4.1174174444045795 27.312802879624996
4.64297713238396 28.704054323748835
4.9055217647127325 29.27661097920653
5.043744697025066 30.757383746172696
4.838269495783212 31.35280859394794
4.6986429774910405 32.69766201673756
5.000563109731482 33.18574969396773
6.114030417822873 33.828112833098984
6.51797517442323 34.2163347276602
7.9334442982380295 34.14563732053425
8.527099222942818 34.35617149364471
9.855247312846897 34.609447913162
10.442782362247804 34.67966445231945
11.922604005300395 34.701434484347644
12.498221934762183 34.69414026403212
13.846853835798898 34.28094875149582
14.501102773802858 34.11868483020559
15.902636988065938 34.32904834913732
16.592060108272612 34.390262551443726
18.05476070881484 34.659150110804624
18.660955108855617 34.50332718555544
19.890505083335192 33.758220085808496
20.419872978665058 33.42056441664931
21.85617530962934 33.00759967852342
22.44695183192413 33.04092980530153
23.930775733357965 33.141230333412445
24.486617802836218 33.106646576944456
25.84315473810285 32.696331445484766
26.435972675107266 32.43399083194967
27.807964126139083 32.07875791942188
28.260694583573283 31.726025046233904
29.193264984900342 30.73832878787383
29.522956242653557 30.270674764646245
30.367797255167375 29.3704516998821
30.508189097850284 28.86761369109199
30.88791279761094 27.550094775629976
31.084391434965912 27.01270036186763
31.321955078321952 25.73742683392775
31.42393352513028 25.11787690381084
31.76381589864452 23.809211069621806
31.829471268134576 23.182760608587035
31.78063833187898 21.94364926563804
31.941300970481723 21.270419042165624
32.16328302783238 20.050375787972328
32.263887083098425 19.386088265837124
32.55319171405492 18.133593683329888
32.75884929378226 17.493981263265052
33.2130524866409 16.285174918824637
33.376145918256775 15.676774277604304
33.68285728269898 14.359939271872245
33.535661348102664 13.765633107872842
33.19189034042513 12.397657696980412
33.05111743044595 11.781652115593186
32.664460751556774 10.345584506085874
32.78359176767062 9.70622435813741
32.8577584864475 8.417033675349076
32.91452279438694 7.7249130935398735
33.406515218789714 6.4655204829018595
33.6208977771181 5.915955614707105
33.882004740657635 4.5828934984495895
33.73538981759465 3.990413039546996
33.49408430081757 2.666407553127998
33.46484707547249 2.0754143371771745
33.048257015769046 0.7891099348074888
33.04679853958896 0.11724911525649195
33.45833339168255 -1.1067412377588774
33.67008688852598 -1.6592701991901824
33.97127406730297 -2.983852297646203
34.08211578112534 -3.6225774485687743
34.4656509532912 -4.919121726683121
34.67721543070894 -5.60543750462131
35.20989638863767 -6.781772625164139
35.28538486548673 -7.333549692716163
35.28736863027243 -8.75078186442433
35.12590199495341 -9.339388316584808
34.61555351885182 -10.349519923696448
34.02866491710864 -10.409044664882678
32.77772773866094 -9.879528255517393
32.15980638736344 -10.011638406886938
30.8751535567493 -9.9657368437553
30.204717908805936 -10.009499041680737
28.928020873525966 -10.239289676424972
28.278454787675383 -10.207079462241417
27.04092433862024 -9.859288955809415
26.57424306669864 -9.403304209118422
25.33750959146716 -8.73904950387012
24.76381677701679 -8.525173337882935
23.52641074480414 -7.834248396017966
22.90954952543465 -7.7068394335720685
21.715163153404443 -7.200677157204754
21.061538866462758 -7.054984065524099
19.85668577326377 -6.785750103016472
19.227396780405662 -6.62152781082498
17.936824171986416 -6.665523960205572
17.363156946088182 -6.713431374017138
16.221375900371644 -6.110232101467155
15.604352910978287 -6.376092438036172
14.375850496792205 -6.4983205898576495
13.821967867170331 -6.794049776994235
13.7693122449731 -8.08429808806207
13.407106613797323 -8.577931089870017
12.955305366602023 -9.787637232615085
12.712925784200458 -10.345724974862955
13.442218231590752 -11.56091363923851
13.567982441004371 -12.105154777182346
13.069117968734076 -13.289880098516084
12.806270990167334 -13.884762493316378
12.283569104561371 -15.065565634210893
12.161959802614948 -15.610750217888693
12.123474156959126 -16.962284586107945
12.162990037161027 -17.552679616454274
12.227278231722881 -18.961722645806436
11.932894227537473 -19.541646482068373
11.355328998999044 -20.9200233056011
11.398770834182255 -21.56683742951929
11.625624900186871 -22.95221868929575
11.587409863960332 -23.60568271440159
11.372411390373212 -24.884953878801078
11.380074011750107 -25.476620238229607
11.376015588414447 -26.711181468772164
11.015876593225146 -27.114431231292542
10.041790849157335 -27.592482130748692
9.861555986473206 -28.11942789331495
8.970159947884065 -28.8089144133807
8.796237701292096 -29.41639358226192
9.230025738010704 -30.509845668448328
8.935541897534875 -31.044456085055412
8.648943204266146 -32.30357264351179
8.555773744164028 -32.88975537403246
8.069597702575914 -34.018612151011126
7.95821427298831 -34.60160826889674
8.446332188346895 -35.79712247603456
8.546956516444776 -36.39719291740568
8.578606778543406 -37.68812729980917
8.384518466529409 -38.19445328920391
7.683475229961106 -39.343260175045266
7.4541091728025 -39.89069232031982
6.756858371460988 -41.04912557840074
6.739201547707318 -41.62277493427152
6.601825071441372 -42.967860060636426
6.558001432871482 -43.574728480242335
6.349610606545619 -44.983404345037755
6.2390785819640415 -45.564705014388544
5.88558170592256 -46.93019949960438
5.834899770849487 -47.519740963882356
5.962916587673041 -49.00873926995231
6.014883383482705 -49.561560310594885
6.036359615837795 -50.978631139908366
5.755017001028722 -51.45925862092219
4.659968998495994 -52.573833033937795
4.410363246884767 -53.09063310715627
4.079412084629579 -54.617681756742115
3.75368819340458 -55.06532503153972
2.5903485702679667 -56.01512654679194
2.219563581548649 -56.499943545242495
1.5816153551715266 -57.84337781116991
1.1596545001529897 -58.28437448539571
0.49299384437517835 -59.613794334970535
0.3307529899057685 -60.18473097506068
-0.43084769742441087 -61.37993612770418
-0.6129627355045515 -61.962484960636885
-0.8543894872516229 -63.35217857941291
-1.0373599889953273 -63.84436915515508
-1.7399524532864281 -65.07518790418709
-1.6957616832167812 -65.56914848972919
-0.5601784210214964 -65.75840561012834
0.01665322611168074 -65.9857089063434
1.3089305256004493 -65.87266715770673
1.9385128040893829 -65.85325164107087
3.178525692364491 -65.84102000995206
3.662548593349495 -66.14617315544118
4.715258145976603 -66.9946593905723
5.298729030248081 -67.17379832283899
6.515881003274094 -67.60513855203314
7.113193050529114 -67.73961820823952
8.43327767033423 -67.87757676725288
9.06802418677138 -67.83890305562565
10.422099260491722 -67.94712572856923
11.02950444251594 -68.1061875541951
12.501664898176578 -68.36357413826249
13.0791536665346 -68.49254901591745
14.44694677860126 -68.83704463723787
14.85092128991302 -69.24470864242652
15.797594738365175 -70.30847732524698
16.213984343986237 -70.70092643941413
17.15577755574479 -71.7599715329455
17.744128192103076 -71.92236783383622
19.017912402645518 -72.13446946922632
19.595116804832937 -72.33867901313853
20.760489805405474 -72.88121529601685
21.41257894004736 -72.85900585524938
21.75321972369418 -71.67805343331976
21.828866341063573 -71.12461631685538
21.481216377001893 -69.88097134289767
21.352100037422886 -69.30351418647868
21.214282364979198 -68.1454727451855
21.278922544077457 -67.51487715317062
21.141612973652137 -66.22495268345216
21.091647273040326 -65.6371730866374
20.686321641447858 -64.4652120342716
20.572301585862718 -63.904501736698776
20.59940992964517 -62.61346399268827
20.48933522890088 -62.03207655138786
20.38275839820658 -60.85024420872458
20.351547285033078 -60.29916445149578
20.311056626670258 -59.0486249030797
20.168186026758146 -58.394377872422126
19.588956715739894 -57.30412500816721
19.36026455558284 -56.71722578039787
19.322019590866187 -55.48325040567091
19.316118629044038 -54.911095016349606
18.960513646377457 -53.53220433001635
18.830681606702147 -52.953037356398085
18.904647404261016 -51.60925614604941
18.923889992424687 -50.99729521385673
18.76678319690637 -49.595563183357356
18.700182258240687 -49.025519621965
18.74324668750911 -47.72902260668089
18.700230383172727 -47.175433184450746
18.39388194024907 -45.920975552531424
18.348800355112054 -45.36588628665175
18.268532325044934 -44.07116002251019
18.109687965465028 -43.42509834531046
18.072887501904457 -42.18002664677769
17.948992553498528 -41.517439826209035
17.820774295013642 -40.23837769836147
17.74742347350573 -39.5705313500263
17.449599866477147 -38.37242492660006
17.287145084905006 -37.72049890936739
17.12371562898541 -36.496796038693084
16.85844113553902 -35.98786108209962
16.323408919371893 -34.869146595042494
15.810082104445275 -34.61637754638911
14.507686184731961 -35.0023779615753
13.953745646690605 -35.059878593987094
12.676351798984197 -34.91598694535984
12.004115164400643 -34.86629630081209
10.727218766453706 -34.67381537273733
10.107338819200306 -34.56201350036179
8.797328442297282 -34.25364409056073
8.185584120664245 -34.09537604756418
6.824553468022927 -33.725064296337344
6.177091896150002 -33.78644108945038
4.834513749382993 -33.99311806454307
4.205689881405365 -33.956630385318306
2.871405843409466 -33.780832244133535
2.2748303392139695 -33.57255945119574
0.9061080904141969 -33.231774128497655
0.2858128447190956 -33.341248398724076
-1.1276845183223574 -33.44408889912264
-1.744681635278333 -33.31733967687032
-3.151445284586222 -33.09640877468629
-3.7441614230750644 -32.95894107234367
-5.084934297957436 -33.17702259423276
-5.543095711616469 -32.889971055545615
-6.10979107752632 -31.793150985974027
-6.379958561142103 -31.20155726678685
-6.6034470262516605 -30.046627644884044
-6.696078903108786 -29.44334631313565
-6.954689177028313 -28.172173711978715
-6.863001381972285 -27.551017477397533
-7.401045910172767 -26.23988855562024
-7.726220543897501 -25.70043302894956
-8.081864995626042 -24.573756956955787
-8.340975454271828 -24.039760222811502
-8.861706114276618 -22.9849383869944
-9.109210428600495 -22.427022045382813
-9.823348078574858 -21.34407861537462
-10.083402172504526 -20.750254085589464
-10.616818645433058 -19.63076829188921
-10.978858793967742 -19.067405073092953
-11.669556203418056 -18.1088545862498
-12.052166525186855 -17.6110081629451
-12.515602444815203 -16.518619287404874
-12.799947804668841 -15.909893729924157
-13.492406610626835 -14.952614904659624
-13.93487130538448 -14.504311657329673
-14.4745945992147 -13.56299637254777
-15.04805066853255 -13.251770352845476
-16.050043714433155 -12.984618038846524
-16.47362220631912 -12.779983251228142
-17.37899585346186 -13.195119854790956
-17.37096735543104 -13.186374877605152
-17.748648510871213 -13.345572946371336
-17.853261591113252 -13.456982415065415
-18.088591318452618 -13.237057156769524
