0 0
-0.10529961024238096 0.05523263698704608
-0.016541032437831005 -0.15343173357152884
-0.017818549908243483 -0.15885239712446414
-0.25351499022114615 -0.6616036665089311
-0.640356096022002 -1.8339994450843646
-0.8819360278871141 -2.417882160194402
-1.553925201185991 -3.6656728136361005
-1.8940403597877289 -4.242537498231032
-2.6378069084976783 -5.3792180924306034
-2.982638922437972 -5.953275639724755
-3.6914203931912826 -7.039732211533124
-4.057380633699334 -7.629923865817596
-4.623817292994008 -8.850730317103693
-5.008055500363809 -9.431972562381722
-5.8083849973014345 -10.521742716923917
-6.181087883402466 -11.164691903541675
-6.761731989598233 -12.254191937822924
-7.155403272706068 -12.795924442200985
-8.273025642862105 -13.788106128484108
-8.724620563678355 -14.315661920711545
-9.662334415845697 -15.565501502999401
-10.116169887197893 -16.12211828328407
-10.997874417704637 -17.310791135849172
-11.405435293845985 -17.932229169863323
-12.097881828000265 -19.25662414803507
-12.556105200472294 -19.778432951468005
-13.63443482646878 -20.909189984476544
-13.992607126181511 -21.531686152232165
-14.653252788447977 -22.93905651027735
-15.11576494788899 -23.491671311825367
-16.098495505624225 -24.706433387663015
-16.455642784473437 -25.35815182310203
-17.247018058229713 -26.525739253067393
-17.719929120040117 -27.069481603945178
-18.606838482711716 -28.34640595494691
-19.046268430107933 -28.914464223510354
-19.996610942100386 -30.058423434455186
-20.390292308522202 -30.722703869225068
-21.137045901202065 -31.927241139577085
-21.65828033961471 -32.49327553568994
-22.58825730706628 -33.74888259604345
-23.056720939331147 -34.32250301082153
-23.98865140422781 -35.586417278198404
-24.462570648189207 -36.1588608545302
-25.55435221277093 -37.265728972697495
-26.10979228152757 -37.83757196550623
-27.117147819888995 -39.04223311537947
-27.651993158562057 -39.55820943419669
-28.865197693652853 -40.66714501628228
-29.50613380886545 -41.092916285376816
-30.81245120962873 -41.95020334258873
-31.38298441288786 -42.42642068987812
-32.58533285134587 -43.30172166608188
-33.185556379970215 -43.77887489457012
-34.14800307025787 -45.01970930537427
-34.58598265300965 -45.5291923503258
-35.729538159977054 -46.593939762853545
-36.28286993106489 -47.124757470617524
-37.54804193922621 -48.054979732470244
-38.27741356893075 -48.376748444726395
-39.75634863683302 -48.88088861861547
-40.45251542976899 -49.269308333380415
-41.84954741120268 -49.969099654312195
-42.5888762363746 -50.172413146340915
-44.16511576578408 -50.6673470841519
-44.933413571680596 -50.88003596458393
-46.441569978128264 -51.28853382711304
-47.159682908141534 -51.2986676763173
-48.8032697155482 -51.28364184192621
-49.515903660547814 -51.372758257845106
-50.97434285147745 -51.62435546749155
-51.70652451390823 -51.75163905276701
-53.15461321150676 -52.121156826028596
-53.901695518919944 -52.29381693642242
-55.21372060115628 -52.82967246492809
-55.90474157819667 -52.74038888867386
-57.453246823021615 -52.189267417553374
-58.154582005420856 -51.95130204836283
-59.62418124978437 -51.39790189689237
-60.3297202343983 -51.172705768606576
-61.87235303871607 -50.879009160311476
-62.43116351913071 -50.46671808182625
-63.75725378706083 -49.640345979622275
-64.34130455167337 -49.264662880754024
-65.52702795253171 -48.2590764685384
-66.03051232435722 -47.77742822030523
-66.97529720895479 -46.53292519827758
-67.33051627320118 -45.90873909498158
-68.09876055951821 -44.54814842672707
-68.57668097516161 -44.047505346728194
-69.49684384941311 -42.86987868869178
-69.84102771285865 -42.21122205126665
-70.41814745913618 -40.57894168238295
-70.55999072100435 -39.84944076604146
-71.00482501132186 -38.26712416581947
-71.1885847294012 -37.54703843211002
-71.72402448443256 -35.90061483141713
-72.00846554701174 -35.241158876048786
-72.4987842691909 -33.67234055646524
-72.59945423794225 -32.985231654025924
-72.98215066014897 -31.395384246721633
-73.24087990528622 -30.69871339503399
-73.43723425932498 -29.06682849197545
-73.49995250391619 -28.32373839092889
-73.63078161417168 -26.76672522659477
-73.56862062559728 -26.02616657977473
-73.47043915022098 -24.297650799667554
-73.58486766615725 -23.563350307620123
-73.94078138196251 -21.967293680496983
-73.96975158719559 -21.22212443550177
-74.81045991501493 -19.708646351180167
-75.19406062849002 -19.104363916199937
-75.31488253307889 -17.54654225844462
-75.25264730132574 -16.803411548268667
-74.9276236224046 -15.192212312506392
-74.88810889269178 -14.42376006057013
-74.97923634633067 -12.782632656504967
-74.95116316031202 -12.040000180708738
-74.791592689063 -10.493494027962782
-74.74546693549 -9.749189727736518
-74.46627089974957 -8.129420317355152
-74.28290645304368 -7.382120004860617
-74.46149557956981 -5.660053708786852
-74.51036652350558 -4.943533990990637
-74.4655885964902 -3.308888381895441
-74.54186629950986 -2.5670675217816052
-74.97931775888048 -0.9826939579164153
-75.0618742564951 -0.26927031108828525
-74.70421582715763 1.3350001826577704
-74.57878290145332 2.0675011581040375
-74.62797916836078 3.7104202359964145
-74.65591353962346 4.479380539440194
-74.87027926677979 6.108997274811153
-75.07153381203045 6.851679498501836
-75.66711961226814 8.29621534248607
-75.85383149465844 9.012900229991896
-76.26381966534494 10.528777324804823
-76.29158396338129 11.22266653078392
-76.47448491065924 12.698586857187237
-76.57362676955314 13.383584892990683
-76.63533781855365 14.806253573669764
-76.49075468462688 15.460124281705692
-75.7354384184919 16.827934059456933
-75.53589509967107 17.546473508890266
-75.45808074647664 18.96156922660137
-75.46839586455152 19.61185162381361
-75.86259826567795 21.19888527091381
-76.10027239426388 21.853860504262002
-76.55375663703573 23.349105732161973
-76.73502109992565 24.04403887257562
-77.33212094502142 25.487949543284373
-77.47114918438675 26.244752969564384
-77.63391778127975 27.968386569855372
-78.46494896073811 27.563181227099665
-79.63762698631928 27.41927780265227
-80.13377543510539 27.538210227506696
-81.31025603426117 26.8718622004147
-81.29042353862792 26.872300300542815
-81.64256953156705 27.370820339762005
-81.62985848414935 27.371662548718234
