0 0
0.2987709927468667 0.9543248366741022
0.2880112694494839 0.9272432233957668
1.224388114030954 -0.048115530259011274
1.686648492122452 -0.2605805146130285
2.308799098420859 -1.5414876352257687
2.739438526054153 -2.054323738489925
3.226677773676171 -2.7990999322654444
3.8411301090604564 -3.3114729981451037
4.994625878193315 -4.238723525313448
5.525383652161118 -4.690140996255087
6.473998388400855 -5.835533351998071
6.942964068272251 -6.347709374008584
7.90803529144593 -7.479270729219918
8.367934670102654 -7.996517264975042
9.398478415167045 -9.181402599591856
9.823607903476933 -9.73050915080858
10.821304291356018 -10.933009948152609
11.247444710275321 -11.51110442011651
12.044873389732357 -12.682709500775848
12.461555064615492 -13.329591761459177
13.410989396993207 -14.570551349238926
13.771746767764988 -15.13473687269493
14.639579166684666 -16.26374588768959
15.03224085693676 -16.833718004768915
15.846591633841918 -18.08684891294363
16.215953365495885 -18.72877606316751
17.1058595725269 -20.013094245195497
17.485770497792014 -20.597174065564943
18.443380119929913 -21.831835987545578
18.86678017345224 -22.41194052108176
19.720972582464473 -23.62937589710446
20.136820092726857 -24.276794714855974
20.988936536948835 -25.586490792381785
21.42449349863072 -26.254179500939355
22.363257912543396 -27.39832433648797
22.772974424874512 -27.991142180386053
23.627917858008868 -29.208050267525792
24.04136076543992 -29.792320522544134
24.7274724518995 -30.893233693240354
25.146826640663463 -31.57121609918534
26.01575980652791 -32.778174557321506
26.492916370123062 -33.416797836119656
27.32274655167342 -34.731531986267065
27.74099564760206 -35.37740191986443
28.447295655511393 -36.46547331206997
28.875527575577276 -37.17231903639866
29.677462409378073 -38.33267921878292
30.06267989458062 -38.883139550773095
31.120893795438427 -40.15186883509713
31.58599130461535 -40.795827811749376
32.437875829876674 -42.02375167603784
32.87605211910044 -42.68972436163907
33.5691649336892 -43.850638191194136
34.008227666677435 -44.51602679562446
34.874042240404854 -45.913155455806326
35.25998253611017 -46.51882777918163
36.24490762011663 -47.94267081234275
36.669774048213824 -48.52170223932048
37.45049950179976 -49.70450346098472
37.87249308714286 -50.380846193875456
38.71204699910111 -51.60842217739796
39.140005127797544 -52.2446574545193
39.971262022062824 -53.567691175078394
40.36703663950203 -54.16990630998584
41.261809984705586 -55.450838357642255
41.65444441025473 -56.112592454904885
42.5074004575797 -57.33089436647583
42.93667560046255 -57.93753589949462
43.802817183574774 -59.137596226122085
44.23389953230742 -59.778237719390326
44.938904305645515 -61.00767630403694
45.36494698007829 -61.64843204293622
46.28872339201817 -62.813949398941325
46.76006820551598 -63.42215523922807
47.59556344086235 -64.65249717467495
48.06690840401244 -65.19436690151433
49.23765148267508 -66.21735500483676
49.81743380916018 -66.68226741785239
51.01190372830562 -67.58045775020155
51.653211238549254 -68.00566940887907
52.985532118752666 -68.82195815814246
53.62365633797539 -69.15148259728672
55.12559540895758 -69.81915197372803
55.77770531791297 -70.0579107496127
57.176320039434835 -70.54187654415162
57.8633623270263 -70.75930127039457
59.0940671315278 -71.15029871660019
59.82564774773731 -71.28099263331781
61.24178581238628 -71.3367056991069
62.038759356405265 -71.31796407327944
63.508531257442264 -71.1444227569785
64.22084644104189 -71.03530036819338
65.68309730144051 -70.76397770480322
66.38529499834318 -70.62532287052461
67.72254885094395 -70.135887928721
68.34686531175643 -69.88763796445295
69.63279812877418 -69.2918798306737
70.22410408642838 -68.97288711532873
71.42661763029786 -68.11015470817581
71.96885001981887 -67.67258690376954
73.1465383279879 -66.5260034493353
73.61935635700533 -66.04867526094019
74.58782530735444 -64.82251289721762
75.00945654790505 -64.27071566687707
75.77915935072733 -63.08071207059053
76.06518471080642 -62.54368387449268
76.58782656901467 -61.15133368346519
76.92181360092545 -60.512778064089574
77.39472155364061 -59.02356205616501
77.45574921483805 -58.35447707458997
77.21601099080435 -57.02381863707247
77.14764871693056 -56.35544322795623
76.8832173988653 -54.73319804081384
76.71445396593812 -54.0828765882174
76.43916496780004 -52.759115937305204
76.26561649341241 -52.039130186027656
75.60179546545754 -50.77931429813021
75.270844475611 -50.084654871007984
74.718838041507 -48.91726367030868
74.3264783062104 -48.193300674009166
73.59295399460666 -47.049983772841315
73.20369661764896 -46.474890927377416
72.68383860017782 -45.469620281025826
72.33056125308724 -44.754978276636585
71.7297661485926 -43.795881475911834
71.35766641257246 -43.23647029041923
70.53682909401132 -41.906946937312036
70.13826533759313 -41.251897000405826
69.51237184653304 -39.97281460806258
69.16164095558955 -39.34609559822649
68.48021054704198 -38.1782861567053
68.08723519048284 -37.633337115842096
67.27497015138096 -36.62947516068333
66.82987283624412 -36.00180593455529
65.91501871614709 -34.92822446607354
65.49027443308341 -34.48724968931857
64.5273869289818 -33.35382954618954
64.12192512646332 -32.81810590969496
63.22836231009099 -31.62926653467308
62.81637111756397 -31.070234922239653
62.04256931477968 -29.96912200772886
61.64359071699669 -29.397897335459078
61.0180462136841 -28.26820384024111
60.62806584442692 -27.604882207121683
59.8191338807607 -26.529313539553787
59.407493566377966 -26.023086564420996
58.69418136612972 -24.874473488413084
58.32876543915257 -24.165961471072333
57.58001088622661 -22.962667000329606
57.22098480657163 -22.39737817187899
56.70710401472179 -21.06932660649394
56.39094721663422 -20.396767332597964
55.693177880703445 -19.317157309238798
55.32198912259458 -18.7274960051394
54.59900587779269 -17.657538741274106
54.15215891415965 -17.063721522786462
53.41089921995516 -15.688243309310193
53.088853413532895 -15.018483952192797
52.30017463788379 -13.927977340871575
51.88187304341287 -13.427240608805423
51.13819463217624 -12.22080230350012
50.73224061455152 -11.62835803546616
49.75366130992063 -10.50845799039349
49.335583058631435 -9.982521051398448
48.56103965544024 -8.795662390722978
48.26708699419817 -8.084556132616008
47.872498893045446 -6.854997858604131
47.787111510979784 -6.2102633452042575
48.26586399752108 -5.130134647372772
48.44423559383737 -4.185661778702585
48.34295603354153 -3.685611125687412
48.0874283950102 -3.109888593889191
47.47392841704761 -2.1645863480414964
47.09901297663248 -1.6331618375761532
46.34717697306725 -0.7151046875310844
45.95513370237827 -0.2221007508520359
45.30025192961388 0.8244592170713019
44.97951229607689 1.3415045511485393
44.30682336402854 2.31904018103906
43.9355291097626 2.853001017181652
43.05782991344625 3.8814806787136535
42.642078403835285 4.354662979660929
41.9298987640718 5.356403927736482
41.9133828314769 5.363506961844498
