0 0
0.09568882592739818 0.23644750119838892
-0.5369184174606989 -0.05001569370222325
-0.506435129442594 0.014567134329143333
-0.6317403894580396 1.0026655263785764
-0.7115123340068065 1.572775729085735
-0.6638050790786605 2.464865439614525
-0.6242264309510883 2.98847149188106
-0.553695511040956 3.875668793823898
-0.4438257884014046 4.4050449463617785
-0.17592115982285522 5.286230157066061
-0.03724954322112495 5.748115664643903
0.2866530206218333 6.5117193684130825
0.39838977217665406 6.929873405358366
0.4468486632558898 7.697813515813316
0.5693996571691801 8.112926939051503
1.0602706033158724 8.815832030102566
1.503278814113244 9.208096636984052
2.242972885838739 9.64155082493315
2.7277186800448154 9.839436204899775
3.618276424231967 10.201033121776574
4.164643574081171 10.382339889255196
5.063640050323109 10.582503825273498
5.612342650879306 10.7566148889965
6.371829825066561 11.154369945584737
6.951473294163899 11.400874015340912
7.72038432378773 11.77287687752247
8.170352816615608 11.910071959629002
8.956213102600236 11.97718303173431
9.46224493642787 11.892116524418917
10.186794161823483 11.552843402765077
10.755562456489846 11.331412472611884
11.532923525247831 11.050835880315747
11.897313023097455 10.865499019473054
12.036834256063534 10.786657979055407
12.044127023765038 10.783292027681307
12.046496695267702 10.781636826485144
